timestamp (utc), avg voltage
1648418252.0678027, 0.7102770920000001
1648418255.3565812, 0.7101147559999998
1648418258.924171, 0.7100986959999999
1648418262.1809707, 0.710088284
1648418265.360822, 0.71007844
1648418268.5856442, 0.709850324
1648418271.8124645, 0.710260968
1648418275.2421477, 0.7099699879999999
1648418278.6828232, 0.709969304
1648418282.1924534, 0.709754848
1648418285.5262003, 0.7097729079999999
1648418288.9209075, 0.7098203439999997
1648418292.1767075, 0.7097066920000001
1648418295.464486, 0.709549244
1648418298.6863103, 0.7096369319999999
1648418302.8295114, 0.7095598719999998
1648418306.337142, 0.709883692
1648418309.7108622, 0.70949186
1648418312.8867168, 0.7093889679999997
1648418316.217467, 0.7096372440000003
1648418319.339358, 0.7096922639999999
1648418322.7351253, 0.709389276
