timestamp (utc), avg voltage
timestamp (utc), avg voltage
1648418337.5760388, 0.7088798919999998
1648418340.7849078, 0.7088616680000001
1648418344.3014953, 0.7087858399999998
1648418347.6702197, 0.7086657440000002
1648418350.9490037, 0.7085590119999999
1648418354.1448452, 0.7084931279999999
1648418357.601511, 0.7083468559999999
1648418361.383441, 0.7086791959999997
1648418364.4563644, 0.7086066200000001
1648418367.7001734, 0.7084928519999998
1648418370.867034, 0.7082115439999999
1648418374.2167714, 0.7080351039999999
1648418377.3416603, 0.7079199639999999
1648418380.9042532, 0.7077311120000002
1648418384.2726007, 0.7077499479999999
1648418387.7890983, 0.7076565359999998
1648418391.216851, 0.7075424159999999
1648418394.4644623, 0.7077053679999996
